608 227
608 477
608 176
608 5827
608 4933
608 6158
608 4423
608 4680
608 4609
608 3585
609 227
609 5121
609 5946
609 1205
609 303
609 4180
609 5690
609 3042
609 3156
609 4659
610 227
610 56
610 1
610 473
610 1949
610 5324
610 3132
610 5113
610 38
610 2675
611 227
611 736
611 5903
611 257
611 6068
611 2193
611 3383
611 1241
611 4785
611 743
612 227
612 2776
612 4989
612 1144
612 1949
612 428
612 4126
612 863
612 5224
612 1229
613 227
613 5661
613 416
613 1794
613 3703
613 4216
613 2098
613 1303
613 3381
613 1332
614 227
614 5447
614 629
614 3051
614 2143
614 1946
614 2269
614 2932
614 5372
614 4020
615 227
615 37
615 2076
615 3917
615 4753
615 3480
615 1914
615 5692
615 1842
615 6216
616 227
616 2106
616 584
616 5009
616 1396
616 2309
616 3966
616 2825
616 5015
617 227
617 2452
617 4540
617 1845
617 2164
617 4126
617 1454
617 1920
617 5887
617 2949
618 227
618 815
618 5324
618 5756
618 953
618 2770
618 5005
618 2368
618 990
618 3276
619 227
619 2292
619 5356
619 4709
619 2450
619 4576
619 200
619 3569
619 1272
619 3732
620 227
620 3936
620 1402
620 1633
620 6168
620 1276
620 2175
620 5449
620 403
620 525
621 227
621 631
621 2862
621 317
621 5804
621 2621
621 2138
621 4191
621 4437
621 1275
622 227
622 766
622 2103
622 2788
622 1260
622 2164
622 2226
622 3016
622 2223
622 369
623 227
623 1469
623 5275
623 2305
623 4117
623 4983
623 2699
623 3261
623 268
623 4223
624 227
624 3618
624 3076
624 139
624 5348
624 3949
624 4158
624 1986
624 3204
624 5970
625 227
625 432
625 5725
625 4169
625 3103
625 572
625 778
625 5809
625 758
625 4471
626 227
626 63
626 2707
626 6264
626 5115
626 395
626 2523
626 1757
626 1007
626 2966
627 227
627 5338
627 6227
627 523
627 874
627 644
627 3811
627 4597
627 4624
627 2624
628 227
628 14
628 2633
628 2665
628 6288
628 843
628 2227
628 1920
628 4058
628 2220
629 227
629 173
629 4877
629 1070
629 2885
629 4330
629 2491
629 1486
629 2429
629 5024
630 227
630 36
630 5475
630 4627
630 1843
630 397
630 543
630 3842
630 203
630 386
631 227
631 1090
631 1669
631 5546
631 710
631 4700
631 5594
631 2871
631 546
631 1158
632 227
632 3467
632 358
632 1161
632 3043
632 4877
632 3577
632 6037
632 397
633 227
633 5442
633 5946
633 5045
633 837
633 3316
633 1938
633 5093
633 4528
634 227
634 2201
634 348
634 2770
634 551
634 2593
634 5523
634 2035
634 2765
634 2497
635 227
635 6194
635 1993
635 5455
635 4367
635 3884
635 4455
635 1019
635 1289
635 6276
636 227
636 2964
636 3935
636 5146
636 3862
636 2270
636 1775
636 5359
636 111
636 1551
637 227
637 2045
637 2380
637 2547
637 4333
637 2476
637 4308
637 2284
637 3559
637 5190
